sec1:
  material:
    e: 2.0e+11
    sy: 240.0e+6
    nu: 0.3
    g: 79.3e+9
  geometry:
    a: 80.0e-4
    iz: 1.066666e-3
    iy: 2.666666e-4
    j: 3.729138e-6
  nonlinear:
    is_direct_capacity: false
    has_axial_yield: false
    zp: 0
    abar0: 0.15
    ap: 4.2e+6
    mp: 5.488e+5
  softening: null
