sec1:
  material:
    e: 2.0e+11
    sy: 240.0e+6
    nu: 0.3
    g: 7.692e+10
  geometry:
    a: 80.0e-4
    i33: 2.666666e-5
    i22: 1.066666e-6
    j: 3.729e-6
  nonlinear:
    is_direct_capacity: false
    has_axial_yield: false
    zpz: 4.0e-4
    zpy: 8.0e-5
    abar0: 0.15
    ap: 1920000
    mpz: 19200
    mpy: 3840
  softening: null
