1.7190514960e+05
