5.1179404019e+04
